16GaussianLogBasis 24 1
0.000141447 1.68806e-05 -0.000100381 -4.53274e-05 -7.79636e-06 -7.65504e-07 -5.51806e-08 -3.52107e-09 -2.28088e-10 -1.64795e-11 -1.40873e-12 -1.47125e-13 -1.90117e-14 -3.03821e-15 -5.9518e-16 -1.40991e-16 -3.97459e-17 -1.31115e-17 -4.97821e-18 -2.1414e-18 -1.02837e-18 -5.4398e-19 -3.1309e-19 -1.93893e-19 -1.2789e-19 
1.68806e-05 0.000249333 2.9756e-05 -0.000176944 -7.99002e-05 -1.37429e-05 -1.34938e-06 -9.72687e-08 -6.20671e-09 -4.02059e-10 -2.90489e-11 -2.48321e-12 -2.59342e-13 -3.35126e-14 -5.35556e-15 -1.04914e-15 -2.4853e-16 -7.00614e-17 -2.31121e-17 -8.77526e-18 -3.77471e-18 -1.81275e-18 -9.58893e-19 -5.51894e-19 -3.41782e-19 
-0.000100381 2.9756e-05 0.000439507 5.24518e-05 -0.000311906 -0.000140843 -2.42251e-05 -2.3786e-06 -1.71459e-07 -1.09408e-08 -7.08724e-10 -5.12056e-11 -4.37724e-12 -4.57151e-13 -5.90738e-14 -9.44043e-15 -1.84936e-15 -4.38092e-16 -1.235e-16 -4.07406e-17 -1.54684e-17 -6.65382e-18 -3.19539e-18 -1.69027e-18 -9.72843e-19 
-4.53274e-05 -0.000176944 5.24518e-05 0.000774735 9.24587e-05 -0.000549807 -0.000248269 -4.27024e-05 -4.19284e-06 -3.02236e-07 -1.92857e-08 -1.24929e-09 -9.02618e-11 -7.71592e-12 -8.05836e-13 -1.04131e-13 -1.6641e-14 -3.25993e-15 -7.7224e-16 -2.17697e-16 -7.18148e-17 -2.72668e-17 -1.17289e-17 -5.63262e-18 -2.9795e-18 
-7.79636e-06 -7.99002e-05 -0.000311906 9.24587e-05 0.00136565 0.00016298 -0.000969163 -0.000437631 -7.5273e-05 -7.39086e-06 -5.32763e-07 -3.39956e-08 -2.20217e-09 -1.59108e-10 -1.36011e-11 -1.42047e-12 -1.83556e-13 -2.93336e-14 -5.7464e-15 -1.36125e-15 -3.83742e-16 -1.2659e-16 -4.80641e-17 -2.0675e-17 -9.92882e-18 
-7.65504e-07 -1.37429e-05 -0.000140843 -0.000549807 0.00016298 0.00240728 0.000287291 -0.00170838 -0.000771428 -0.000132686 -1.30281e-05 -9.39119e-07 -5.99252e-08 -3.88184e-09 -2.80464e-10 -2.39751e-11 -2.50392e-12 -3.2356e-13 -5.17074e-14 -1.01294e-14 -2.39953e-15 -6.76436e-16 -2.23145e-16 -8.47242e-17 -3.64445e-17 
-5.51806e-08 -1.34938e-06 -2.42251e-05 -0.000248269 -0.000969163 0.000287291 0.0042434 0.000506417 -0.00301142 -0.00135982 -0.000233891 -2.29651e-05 -1.65542e-06 -1.05632e-07 -6.84265e-09 -4.94384e-10 -4.22618e-11 -4.41375e-12 -5.70351e-13 -9.11463e-14 -1.78554e-14 -4.22973e-15 -1.19238e-15 -3.93346e-16 -1.49346e-16 
-3.52107e-09 -9.72687e-08 -2.3786e-06 -4.27024e-05 -0.000437631 -0.00170838 0.000506417 0.00747998 0.000892679 -0.00530833 -0.00239701 -0.000412287 -4.04814e-05 -2.91806e-06 -1.86201e-07 -1.20618e-08 -8.71468e-10 -7.44963e-11 -7.78026e-12 -1.00538e-12 -1.60667e-13 -3.14743e-14 -7.45589e-15 -2.10184e-15 -6.93364e-16 
-2.28088e-10 -6.20671e-09 -1.71459e-07 -4.19284e-06 -7.5273e-05 -0.000771428 -0.00301142 0.000892679 0.0131852 0.00157356 -0.00935717 -0.00422529 -0.000726753 -7.1358e-05 -5.14377e-06 -3.28224e-07 -2.12617e-08 -1.53617e-09 -1.31317e-10 -1.37145e-11 -1.77221e-12 -2.83213e-13 -5.54808e-14 -1.31428e-14 -3.70499e-15 
-1.64795e-11 -4.02059e-10 -1.09408e-08 -3.02236e-07 -7.39086e-06 -0.000132686 -0.00135982 -0.00530833 0.00157356 0.023242 0.00277376 -0.0164942 -0.00744806 -0.00128107 -0.000125785 -9.06709e-06 -5.78571e-07 -3.74788e-08 -2.70785e-09 -2.31477e-10 -2.41751e-11 -3.12394e-12 -4.99229e-13 -9.7798e-14 -2.31672e-14 
-1.40873e-12 -2.90489e-11 -7.08724e-10 -1.92857e-08 -5.32763e-07 -1.30281e-05 -0.000233891 -0.00239701 -0.00935717 0.00277376 0.0409695 0.0048894 -0.0290749 -0.0131289 -0.00225819 -0.000221726 -1.59829e-05 -1.01987e-06 -6.60651e-08 -4.77323e-09 -4.08033e-10 -4.26142e-11 -5.50668e-12 -8.80008e-13 -1.72392e-13 
-1.47125e-13 -2.48321e-12 -5.12056e-11 -1.24929e-09 -3.39956e-08 -9.39119e-07 -2.29651e-05 -0.000412287 -0.00422529 -0.0164942 0.0048894 0.0722184 0.00861872 -0.0512513 -0.0231428 -0.00398059 -0.000390844 -2.81736e-05 -1.79775e-06 -1.16455e-07 -8.41393e-09 -7.19254e-10 -7.51176e-11 -9.70681e-12 -1.55122e-12 
-1.90117e-14 -2.59342e-13 -4.37724e-12 -9.02618e-11 -2.20217e-09 -5.99252e-08 -1.65542e-06 -4.04814e-05 -0.000726753 -0.00744806 -0.0290749 0.00861872 0.127302 0.0151925 -0.0903425 -0.0407947 -0.00701672 -0.000688954 -4.96625e-05 -3.16896e-06 -2.0528e-07 -1.48315e-08 -1.26785e-09 -1.32412e-10 -1.71105e-11 
-3.03821e-15 -3.35126e-14 -4.57151e-13 -7.71592e-12 -1.59108e-10 -3.88184e-09 -1.05632e-07 -2.91806e-06 -7.1358e-05 -0.00128107 -0.0131289 -0.0512513 0.0151925 0.224399 0.0267804 -0.15925 -0.0719102 -0.0123686 -0.00121444 -8.75418e-05 -5.58604e-06 -3.61853e-07 -2.61441e-08 -2.23489e-09 -2.33408e-10 
-5.9518e-16 -5.35556e-15 -5.90738e-14 -8.05836e-13 -1.36011e-11 -2.80464e-10 -6.84265e-09 -1.86201e-07 -5.14377e-06 -0.000125785 -0.00225819 -0.0231428 -0.0903425 0.0267804 0.395557 0.0472067 -0.280715 -0.126759 -0.0218026 -0.00214074 -0.000154313 -9.84671e-06 -6.37852e-07 -4.6085e-08 -3.93952e-09 
-1.40991e-16 -1.04914e-15 -9.44043e-15 -1.04131e-13 -1.42047e-12 -2.39751e-11 -4.94384e-10 -1.20618e-08 -3.28224e-07 -9.06709e-06 -0.000221726 -0.00398059 -0.0407947 -0.15925 0.0472067 0.697261 0.0832128 -0.494826 -0.223442 -0.0384322 -0.00377356 -0.000272013 -1.73571e-05 -1.12436e-06 -8.12356e-08 
-3.97459e-17 -2.4853e-16 -1.84936e-15 -1.6641e-14 -1.83556e-13 -2.50392e-12 -4.22618e-11 -8.71468e-10 -2.12617e-08 -5.78571e-07 -1.59829e-05 -0.000390844 -0.00701672 -0.0719102 -0.280715 0.0832128 1.22909 0.146682 -0.872247 -0.393868 -0.0677457 -0.00665178 -0.000479486 -3.0596e-05 -1.98195e-06 
-1.31115e-17 -7.00614e-17 -4.38092e-16 -3.25993e-15 -2.93336e-14 -3.2356e-13 -4.41375e-12 -7.44963e-11 -1.53617e-09 -3.74788e-08 -1.01987e-06 -2.81736e-05 -0.000688954 -0.0123686 -0.126759 -0.494826 0.146682 2.16655 0.258562 -1.53754 -0.694285 -0.119418 -0.0117253 -0.000845207 -5.39326e-05 
-4.97821e-18 -2.31121e-17 -1.235e-16 -7.7224e-16 -5.7464e-15 -5.17074e-14 -5.70351e-13 -7.78026e-12 -1.31317e-10 -2.70785e-09 -6.60651e-08 -1.79775e-06 -4.96625e-05 -0.00121444 -0.0218026 -0.223442 -0.872247 0.258562 3.81906 0.455775 -2.71027 -1.22384 -0.210502 -0.0206686 -0.00148988 
-2.1414e-18 -8.77526e-18 -4.07406e-17 -2.17697e-16 -1.36125e-15 -1.01294e-14 -9.11463e-14 -1.00538e-12 -1.37145e-11 -2.31477e-10 -4.77323e-09 -1.16455e-07 -3.16896e-06 -8.75418e-05 -0.00214074 -0.0384322 -0.393868 -1.53754 0.455775 6.73198 0.803411 -4.77749 -2.15731 -0.371059 -0.0364333 
-1.02837e-18 -3.77471e-18 -1.54684e-17 -7.18148e-17 -3.83742e-16 -2.39953e-15 -1.78554e-14 -1.60667e-13 -1.77221e-12 -2.41751e-11 -4.08033e-10 -8.41393e-09 -2.0528e-07 -5.58604e-06 -0.000154313 -0.00377356 -0.0677457 -0.694285 -2.71027 0.803411 11.8667 1.4162 -8.42145 -3.80276 -0.654078 
-5.4398e-19 -1.81275e-18 -6.65382e-18 -2.72668e-17 -1.2659e-16 -6.76436e-16 -4.22973e-15 -3.14743e-14 -2.83213e-13 -3.12394e-12 -4.26142e-11 -7.19254e-10 -1.48315e-08 -3.61853e-07 -9.84671e-06 -0.000272013 -0.00665178 -0.119418 -1.22384 -4.77749 1.4162 20.9178 2.49638 -14.8448 -6.70325 
-3.1309e-19 -9.58893e-19 -3.19539e-18 -1.17289e-17 -4.80641e-17 -2.23145e-16 -1.19238e-15 -7.45589e-15 -5.54808e-14 -4.99229e-13 -5.50668e-12 -7.51176e-11 -1.26785e-09 -2.61441e-08 -6.37852e-07 -1.73571e-05 -0.000479486 -0.0117253 -0.210502 -2.15731 -8.42145 2.49638 36.8726 4.40046 -26.1674 
-1.93893e-19 -5.51894e-19 -1.69027e-18 -5.63262e-18 -2.0675e-17 -8.47242e-17 -3.93346e-16 -2.10184e-15 -1.31428e-14 -9.7798e-14 -8.80008e-13 -9.70681e-12 -1.32412e-10 -2.23489e-09 -4.6085e-08 -1.12436e-06 -3.0596e-05 -0.000845207 -0.0206686 -0.371059 -3.80276 -14.8448 4.40046 64.9966 7.75685 
-1.2789e-19 -3.41782e-19 -9.72843e-19 -2.9795e-18 -9.92882e-18 -3.64445e-17 -1.49346e-16 -6.93364e-16 -3.70499e-15 -2.31672e-14 -1.72392e-13 -1.55122e-12 -1.71105e-11 -2.33408e-10 -3.93952e-09 -8.12356e-08 -1.98195e-06 -5.39326e-05 -0.00148988 -0.0364333 -0.654078 -6.70325 -26.1674 7.75685 114.572 
